1,0.00198437626602062,0.166021989607804,-0.0284519082538309,0.138516932276534,0.142909750222074
0.00198437626602062,1,0.157206117187295,0.131261834609791,0.0992638373871272,0.00539995560973405
0.166021989607804,0.157206117187295,1,0.0256432496103997,0.144482310166173,0.132591672218439
-0.0284519082538309,0.131261834609791,0.0256432496103997,1,0.141724064335315,-0.223951910824899
0.138516932276534,0.0992638373871272,0.144482310166173,0.141724064335315,1,0.0317193599909348
0.142909750222074,0.00539995560973405,0.132591672218439,-0.223951910824899,0.0317193599909348,1
